613 38
       5.800000        3.200000        2.600000        0.000000
       5.800000        3.200000        2.600000       15.000000
       6.800000        3.900000        2.900000        9.400000
       8.105900        4.487900        3.379910       15.600000
       8.095130        4.481005        3.377970       20.000000
       8.082975        4.473340        3.375795       20.000000
       8.070743        4.465787        3.373624       20.000000
       8.060003        4.459237        3.371724       15.000000
       8.049200        4.452767        3.369821       20.000000
       8.038350        4.446357        3.367916       15.000000
       8.027443        4.440030        3.366014       20.000000
       8.016493        4.433765        3.364114       15.000000
       8.005486        4.427586        3.362214       20.000000
       7.994436        4.421471        3.360314       15.000000
       8.578196        4.650908        3.441749       20.000000
       8.616667        4.664903        3.453687       20.000000
       8.640711        4.673651        3.461148        5.000000
       8.664758        4.682400        3.468611       20.000000
       8.703233        4.696400        3.480553       20.000000
       8.727281        4.705150        3.488017        5.000000
       8.751330        4.713900        3.495483       20.000000
       8.789810        4.727900        3.507430       20.000000
       8.813860        4.736650        3.514897        5.000000
       8.837903        4.745398        3.522359       20.000000
       8.876370        4.759393        3.534297       20.000000
       8.900412        4.768141        3.541758        5.000000
       9.185156        4.961756        3.736380       20.000000
       9.287528        5.020088        3.761580       20.000000
       9.364307        5.063837        3.780480       10.000000
       9.441096        5.107592        3.799384       20.000000
       9.543488        5.165936        3.824592       20.000000
       9.620282        5.209694        3.843498       10.000000
       9.697074        5.253452        3.862404       20.000000
       9.799462        5.311796        3.887612       20.000000
       9.876253        5.355554        3.906518       10.000000
       9.953044        5.399316        3.925424       20.000000
      10.055432        5.457668        3.950632       20.000000
      10.132223        5.501432        3.969538       10.000000
      10.173309        5.523760        3.978169       20.000000
      10.200414        5.537305        3.982244       15.000000
      10.227513        5.550850        3.986319       20.000000
      10.254608        5.564395        3.990394       15.000000
      10.782435        5.974315        4.386926       20.000000
      10.844686        6.032786        4.399357       20.000000
      10.892931        6.078101        4.408991       11.000000
      10.941154        6.123436        4.418562       20.000000
      11.003362        6.181948        4.430866       20.000000
      11.050018        6.225832        4.440094       10.000000
      11.083503        6.247505        4.449225       20.000000
      11.119369        6.261595        4.461335       20.000000
      11.155235        6.275685        4.473445       20.000000
      11.191101        6.289775        4.485555       20.000000
      11.226967        6.303865        4.497665       20.000000
      11.261970        6.317632        4.509655       20.000000
      11.296110        6.331076        4.521525       20.000000
      11.330250        6.344520        4.533395       20.000000
      11.364390        6.357964        4.545265       20.000000
      11.398530        6.371408        4.557135       20.000000
      11.431868        6.384549        4.568892       20.000000
      11.464404        6.397387        4.580536       20.000000
      11.496940        6.410225        4.592180       20.000000
      11.529476        6.423063        4.603824       20.000000
      11.562012        6.435901        4.615468       20.000000
      11.593809        6.448458        4.627005       20.000000
      11.624867        6.460734        4.638435       20.000000
      11.655925        6.473010        4.649865       20.000000
      11.686983        6.485286        4.661295       20.000000
      11.718041        6.497562        4.672725       20.000000
      11.748422        6.509580        4.684056       20.000000
      11.778126        6.521340        4.695288       20.000000
      11.807830        6.533100        4.706520       20.000000
      11.837534        6.544860        4.717752       20.000000
      11.867238        6.556620        4.728984       20.000000
      11.896326        6.568141        4.740123       20.000000
      11.924798        6.579423        4.751169       20.000000
      11.953270        6.590705        4.762215       20.000000
      11.981742        6.601987        4.773261       20.000000
      12.010214        6.613269        4.784307       20.000000
      12.038131        6.624336        4.795269       20.000000
      12.065493        6.635188        4.806147       20.000000
      12.092855        6.646040        4.817025       20.000000
      12.120217        6.656892        4.827903       20.000000
      12.147579        6.667744        4.838781       20.000000
      12.174450        6.678401        4.849581       20.000000
      12.200830        6.688863        4.860303       20.000000
      12.227210        6.699325        4.871025       20.000000
      12.253590        6.709787        4.881747       20.000000
      12.279970        6.720249        4.892469       20.000000
      12.305919        6.730538        4.903120       20.000000
      12.331437        6.740654        4.913700       20.000000
      12.356955        6.750770        4.924280       20.000000
      12.382473        6.760886        4.934860       20.000000
      12.407991        6.771002        4.945440       20.000000
      12.433141        6.780966        4.955956       20.000000
      12.457923        6.790778        4.966408       20.000000
      12.482705        6.800590        4.976860       20.000000
      12.507487        6.810402        4.987312       20.000000
      12.532269        6.820214        4.997764       20.000000
      12.556744        6.829897        5.008160       20.000000
      12.580912        6.839451        5.018500       20.000000
      12.605080        6.849005        5.028840       20.000000
      12.629248        6.858559        5.039180       20.000000
      12.653416        6.868113        5.049520       20.000000
      12.677339        6.877558        5.059811       20.000000
      12.701017        6.886894        5.070053       20.000000
      12.724695        6.896230        5.080295       20.000000
      12.748373        6.905566        5.090537       20.000000
      12.772051        6.914902        5.100779       20.000000
      12.795546        6.924151        5.110979       20.000000
      12.818858        6.933313        5.121137       20.000000
      12.842170        6.942475        5.131295       20.000000
      12.865482        6.951637        5.141453       20.000000
      12.888794        6.960799        5.151611       20.000000
      12.911984        6.969895        5.161734       20.000000
      12.935052        6.978925        5.171822       20.000000
      12.958120        6.987955        5.181910       20.000000
      12.981188        6.996985        5.191998       20.000000
      13.004256        7.006015        5.202086       20.000000
      13.027266        7.015002        5.212146       20.000000
      13.050218        7.023946        5.222178       20.000000
      13.073170        7.032890        5.232210       20.000000
      13.096122        7.041834        5.242242       20.000000
      13.119074        7.050778        5.252274       20.000000
      13.142027        7.059699        5.262285       20.000000
      13.164981        7.068597        5.272275       20.000000
      13.187935        7.077495        5.282265       20.000000
      13.210889        7.086393        5.292255       20.000000
      13.233843        7.095291        5.302245       20.000000
      13.256862        7.104189        5.312222       20.000000
      13.279946        7.113087        5.322186       20.000000
      13.303030        7.121985        5.332150       20.000000
      13.326114        7.130883        5.342114       20.000000
      13.349198        7.139781        5.352078       20.000000
      13.372408        7.148699        5.362035       20.000000
      13.395744        7.157637        5.371985       20.000000
      13.419080        7.166575        5.381935       20.000000
      13.442416        7.175513        5.391885       20.000000
      13.465752        7.184451        5.401835       20.000000
      13.489275        7.193431        5.411786       20.000000
      13.512985        7.202453        5.421738       20.000000
      13.536695        7.211475        5.431690       20.000000
      13.560405        7.220497        5.441642       20.000000
      13.584115        7.229519        5.451594       20.000000
      13.608033        7.238593        5.461553       20.000000
      13.632159        7.247719        5.471519       20.000000
      13.656284        7.256844        5.481484       20.000000
      13.674379        7.263689        5.488959       10.000000
      13.682783        7.265897        5.496440       20.000000
      13.686343        7.265787        5.503925       10.000000
      13.689945        7.265661        5.511419       20.000000
      13.694775        7.265483        5.521417       20.000000
      13.699605        7.265305        5.531415       20.000000
      13.704435        7.265127        5.541413       20.000000
      13.709265        7.264949        5.551411       20.000000
      13.714140        7.264760        5.561430       20.000000
       8.073231        0.001000        9.911359       10.000000
       8.090052        0.001000        9.927098       10.000000
       8.106873        0.001000        9.942837       10.000000
       8.123694        0.001000        9.958576       10.000000
       8.140516        0.001000        9.974314       10.000000
       8.157337        0.001000        9.990053       10.000000
       8.174158        0.001000       10.005792       10.000000
       8.190979        0.001000       10.021531       10.000000
       8.207430        0.001000       10.036997       10.000000
       8.223510        0.001000       10.052191       10.000000
       8.239590        0.001000       10.067385       10.000000
       8.255670        0.001000       10.082579       10.000000
       8.271750        0.001000       10.097773       10.000000
       8.287830        0.001000       10.112967       10.000000
       8.303910        0.001000       10.128161       10.000000
       8.319990        0.001000       10.143355       10.000000
       8.336070        0.001000       10.158549       10.000000
       8.352150        0.001000       10.173743       10.000000
       8.367829        0.001000       10.188636       10.000000
       8.383108        0.001000       10.203228       10.000000
       8.398388        0.001000       10.217820       10.000000
       8.413666        0.001000       10.232412       10.000000
       8.428945        0.001000       10.247004       10.000000
       8.444225        0.001000       10.261596       10.000000
       8.459504        0.001000       10.276188       10.000000
       8.474782        0.001000       10.290780       10.000000
       8.490062        0.001000       10.305372       10.000000
       8.505341        0.001000       10.319964       10.000000
       8.520233        0.001000       10.334261       10.000000
       8.534740        0.001000       10.348262       10.000000
       8.549247        0.001000       10.362262       10.000000
       8.563754        0.001000       10.376264       10.000000
       8.578261        0.001000       10.390265       10.000000
       8.592769        0.001000       10.404265       10.000000
       8.607276        0.001000       10.418266       10.000000
       8.621783        0.001000       10.432268       10.000000
       8.636290        0.001000       10.446268       10.000000
       8.650797        0.001000       10.460269       10.000000
       8.664934        0.001000       10.473982       10.000000
       8.678702        0.001000       10.487407       10.000000
       8.692470        0.001000       10.500832       10.000000
       8.706238        0.001000       10.514257       10.000000
       8.720006        0.001000       10.527682       10.000000
       8.733774        0.001000       10.541108       10.000000
       8.747542        0.001000       10.554533       10.000000
       8.761310        0.001000       10.567958       10.000000
       8.775078        0.001000       10.581383       10.000000
       8.788846        0.001000       10.594807       10.000000
       8.802259        0.001000       10.607950       10.000000
       8.815319        0.001000       10.620810       10.000000
       8.828378        0.001000       10.633670       10.000000
       8.841437        0.001000       10.646530       10.000000
       8.854496        0.001000       10.659390       10.000000
       8.867555        0.001000       10.672250       10.000000
       8.880614        0.001000       10.685110       10.000000
       8.893673        0.001000       10.697970       10.000000
       8.906732        0.001000       10.710830       10.000000
       8.919791        0.001000       10.723690       10.000000
       8.932512        0.001000       10.736275       10.000000
       8.944895        0.001000       10.748583       10.000000
       8.957278        0.001000       10.760893       10.000000
       8.969660        0.001000       10.773201       10.000000
       8.982043        0.001000       10.785511       10.000000
       8.994427        0.001000       10.797819       10.000000
       9.006810        0.001000       10.810129       10.000000
       9.019193        0.001000       10.822437       10.000000
       9.031576        0.001000       10.834747       10.000000
       9.043959        0.001000       10.847056       10.000000
       9.056019        0.001000       10.859095       10.000000
       9.067756        0.001000       10.870865       10.000000
       9.079493        0.001000       10.882635       10.000000
       9.091230        0.001000       10.894405       10.000000
       9.102967        0.001000       10.906175       10.000000
       9.114703        0.001000       10.917945       10.000000
       9.126440        0.001000       10.929715       10.000000
       9.138177        0.001000       10.941485       10.000000
       9.149914        0.001000       10.953255       10.000000
       9.161651        0.001000       10.965025       10.000000
       9.173077        0.001000       10.976532       10.000000
       9.184192        0.001000       10.987776       10.000000
       9.195308        0.001000       10.999020       10.000000
       9.206423        0.001000       11.010264       10.000000
       9.217538        0.001000       11.021508       10.000000
       9.228652        0.001000       11.032752       10.000000
       9.239767        0.001000       11.043996       10.000000
       9.250882        0.001000       11.055240       10.000000
       9.261997        0.001000       11.066484       10.000000
       9.273112        0.001000       11.077728       10.000000
       9.283945        0.001000       11.088716       10.000000
       9.294496        0.001000       11.099448       10.000000
       9.305048        0.001000       11.110180       10.000000
       9.315599        0.001000       11.120912       10.000000
       9.326149        0.001000       11.131644       10.000000
       9.336701        0.001000       11.142376       10.000000
       9.347252        0.001000       11.153108       10.000000
       9.357803        0.001000       11.163840       10.000000
       9.368354        0.001000       11.174572       10.000000
       9.378905        0.001000       11.185304       10.000000
       9.389176        0.001000       11.195786       10.000000
       9.399166        0.001000       11.206017       10.000000
       9.409158        0.001000       11.216248       10.000000
       9.419149        0.001000       11.226479       10.000000
       9.429139        0.001000       11.236709       10.000000
       9.439131        0.001000       11.246941       10.000000
       9.449122        0.001000       11.257172       10.000000
       9.459112        0.001000       11.267402       10.000000
       9.469104        0.001000       11.277634       10.000000
       9.479095        0.001000       11.287864       10.000000
       9.488826        0.001000       11.297852       10.000000
       9.498298        0.001000       11.307596       10.000000
       9.507770        0.001000       11.317340       10.000000
       9.517242        0.001000       11.327084       10.000000
       9.526714        0.001000       11.336828       10.000000
       9.536186        0.001000       11.346572       10.000000
       9.545658        0.001000       11.356316       10.000000
       9.555130        0.001000       11.366060       10.000000
       9.564602        0.001000       11.375804       10.000000
       9.574074        0.001000       11.385548       10.000000
       9.583302        0.001000       11.395055       10.000000
       9.592286        0.001000       11.404324       10.000000
       9.601270        0.001000       11.413593       10.000000
       9.610254        0.001000       11.422861       10.000000
       9.619238        0.001000       11.432130       10.000000
       9.628222        0.001000       11.441400       10.000000
       9.637206        0.001000       11.450669       10.000000
       9.646190        0.001000       11.459938       10.000000
       9.655174        0.001000       11.469207       10.000000
       9.664158        0.001000       11.478476       10.000000
       9.672914        0.001000       11.487514       10.000000
       9.681442        0.001000       11.496322       10.000000
       9.689970        0.001000       11.505130       10.000000
       9.698498        0.001000       11.513938       10.000000
       9.707026        0.001000       11.522746       10.000000
       9.715554        0.001000       11.531554       10.000000
       9.724082        0.001000       11.540362       10.000000
       9.732610        0.001000       11.549170       10.000000
       9.741138        0.001000       11.557978       10.000000
       9.749666        0.001000       11.566786       10.000000
       9.757981        0.001000       11.575369       10.000000
       9.766084        0.001000       11.583728       10.000000
       9.774188        0.001000       11.592087       10.000000
       9.782291        0.001000       11.600447       10.000000
       9.790394        0.001000       11.608806       10.000000
       9.798497        0.001000       11.617164       10.000000
       9.806600        0.001000       11.625523       10.000000
       9.814703        0.001000       11.633883       10.000000
       9.822806        0.001000       11.642242       10.000000
       9.830909        0.001000       11.650601       10.000000
       9.838815        0.001000       11.658742       10.000000
       9.846525        0.001000       11.666664       10.000000
       9.854235        0.001000       11.674588       10.000000
       9.861945        0.001000       11.682510       10.000000
       9.869655        0.001000       11.690434       10.000000
       9.877365        0.001000       11.698356       10.000000
       9.885075        0.001000       11.706280       10.000000
       9.892785        0.001000       11.714202       10.000000
       9.900495        0.001000       11.722126       10.000000
       9.908205        0.001000       11.730048       10.000000
       9.915734        0.001000       11.737759       10.000000
       9.923082        0.001000       11.745259       10.000000
       9.930430        0.001000       11.752757       10.000000
       9.937778        0.001000       11.760256       10.000000
       9.945126        0.001000       11.767755       10.000000
       9.952474        0.001000       11.775254       10.000000
       9.959822        0.001000       11.782754       10.000000
       9.967170        0.001000       11.790252       10.000000
       9.974518        0.001000       11.797751       10.000000
       9.981866        0.001000       11.805250       10.000000
       9.989049        0.001000       11.812545       10.000000
       9.996067        0.001000       11.819635       10.000000
      10.003085        0.001000       11.826725       10.000000
      10.010103        0.001000       11.833815       10.000000
      10.017121        0.001000       11.840905       10.000000
      10.024139        0.001000       11.847995       10.000000
      10.031157        0.001000       11.855085       10.000000
      10.038175        0.001000       11.862175       10.000000
      10.045193        0.001000       11.869265       10.000000
      10.052211        0.001000       11.876355       10.000000
      10.059080        0.001000       11.883246       10.000000
      10.065799        0.001000       11.889938       10.000000
      10.072518        0.001000       11.896630       10.000000
      10.079237        0.001000       11.903322       10.000000
      10.085956        0.001000       11.910014       10.000000
      10.092674        0.001000       11.916706       10.000000
      10.099393        0.001000       11.923398       10.000000
      10.106113        0.001000       11.930090       10.000000
      10.112831        0.001000       11.936782       10.000000
      10.119550        0.001000       11.943474       10.000000
      10.126136        0.001000       11.949974       10.000000
      10.132588        0.001000       11.956281       10.000000
      10.139040        0.001000       11.962588       10.000000
      10.145492        0.001000       11.968895       10.000000
      10.151944        0.001000       11.975202       10.000000
      10.158396        0.001000       11.981509       10.000000
      10.164848        0.001000       11.987815       10.000000
      10.171300        0.001000       11.994122       10.000000
      10.177752        0.001000       12.000430       10.000000
      10.184204        0.001000       12.006737       10.000000
      10.190538        0.001000       12.012858       10.000000
      10.196754        0.001000       12.018792       10.000000
      10.202970        0.001000       12.024728       10.000000
      10.209186        0.001000       12.030663       10.000000
      10.215402        0.001000       12.036598       10.000000
      10.221618        0.001000       12.042533       10.000000
      10.227834        0.001000       12.048468       10.000000
      10.234050        0.001000       12.054403       10.000000
      10.240266        0.001000       12.060338       10.000000
      10.246482        0.001000       12.066273       10.000000
      10.252596        0.001000       12.072028       10.000000
      10.258608        0.001000       12.077604       10.000000
      10.264620        0.001000       12.083180       10.000000
      10.270632        0.001000       12.088756       10.000000
      10.276644        0.001000       12.094332       10.000000
      10.282656        0.001000       12.099908       10.000000
      10.288668        0.001000       12.105484       10.000000
      10.294680        0.001000       12.111060       10.000000
      10.300692        0.001000       12.116636       10.000000
      10.306704        0.001000       12.122212       10.000000
      10.312638        0.001000       12.127633       10.000000
      10.318494        0.001000       12.132899       10.000000
      10.324350        0.001000       12.138166       10.000000
      10.330206        0.001000       12.143432       10.000000
      10.336062        0.001000       12.148698       10.000000
      10.341918        0.001000       12.153964       10.000000
      10.347774        0.001000       12.159231       10.000000
      10.353191        0.001000       12.164102        8.500000
      11.028460        3.504453       12.763863        1.000000
      11.028839        3.504718       12.764390        1.000000
      11.029219        3.504983       12.764917        1.000000
      11.029598        3.505248       12.765444        1.000000
      11.029978        3.505513       12.765971        1.000000
      11.030357        3.505778       12.766498        1.000000
      11.030737        3.506043       12.767025        1.000000
      11.031117        3.506308       12.767552        1.000000
      11.031496        3.506573       12.768079        1.000000
      11.031876        3.506839       12.768606        1.000000
      11.032255        3.507104       12.769133        1.000000
      11.032635        3.507369       12.769660        1.000000
      11.033014        3.507634       12.770187        1.000000
      11.033394        3.507899       12.770714        1.000000
      11.033773        3.508164       12.771241        1.000000
      11.034153        3.508429       12.771768        1.000000
      11.034532        3.508694       12.772295        1.000000
      11.034912        3.508960       12.772822        1.000000
      11.035291        3.509225       12.773349        1.000000
      11.035671        3.509490       12.773876        1.000000
      11.036050        3.509755       12.774403        1.000000
      11.036335        3.509954       12.774798        0.500000
      11.036610        3.510146       12.775180        1.000000
      11.036971        3.510398       12.775681        1.000000
      11.037331        3.510650       12.776182        1.000000
      11.037692        3.510902       12.776683        1.000000
      11.038053        3.511154       12.777184        1.000000
      11.038413        3.511406       12.777684        1.000000
      11.038774        3.511658       12.778185        1.000000
      11.039134        3.511910       12.778686        1.000000
      11.039495        3.512162       12.779187        1.000000
      11.039856        3.512414       12.779688        1.000000
      11.040216        3.512666       12.780188        1.000000
      11.040577        3.512918       12.780689        1.000000
      11.040938        3.513170       12.781190        1.000000
      11.041298        3.513422       12.781691        1.000000
      11.041659        3.513674       12.782192        1.000000
      11.042019        3.513926       12.782692        1.000000
      11.042380        3.514178       12.783193        1.000000
      11.042740        3.514430       12.783694        1.000000
      11.043101        3.514682       12.784195        1.000000
      11.043462        3.514934       12.784696        1.000000
      11.043822        3.515186       12.785196        1.000000
      11.044183        3.515438       12.785697        1.000000
      11.044543        3.515690       12.786198        1.000000
      11.044904        3.515942       12.786699        1.000000
      11.045265        3.516194       12.787200        1.000000
      11.045625        3.516446       12.787700        1.000000
      11.045986        3.516698       12.788201        1.000000
      11.046347        3.516950       12.788702        1.000000
      11.046707        3.517202       12.789203        1.000000
      11.047068        3.517454       12.789704        1.000000
      11.047428        3.517706       12.790204        1.000000
      11.047789        3.517958       12.790705        1.000000
      11.048149        3.518210       12.791206        1.000000
      11.048510        3.518462       12.791707        1.000000
      11.048871        3.518714       12.792208        1.000000
      11.049231        3.518966       12.792708        1.000000
      11.049592        3.519218       12.793209        1.000000
      11.049952        3.519470       12.793710        1.000000
      11.050313        3.519722       12.794211        1.000000
      11.050674        3.519974       12.794712        1.000000
      11.051034        3.520226       12.795212        1.000000
      11.051395        3.520478       12.795713        1.000000
      11.051756        3.520730       12.796214        1.000000
      11.052116        3.520982       12.796715        1.000000
      11.052477        3.521234       12.797216        1.000000
      11.052837        3.521486       12.797716        1.000000
      11.053198        3.521738       12.798217        1.000000
      11.053558        3.521990       12.798718        1.000000
      11.053919        3.522242       12.799219        1.000000
      11.054280        3.522494       12.799720        1.000000
      11.054640        3.522746       12.800220        1.000000
      11.055001        3.522998       12.800721        1.000000
      11.055362        3.523250       12.801222        1.000000
      11.055722        3.523502       12.801723        1.000000
      11.056083        3.523754       12.802224        1.000000
      11.056443        3.524006       12.802724        1.000000
      11.056804        3.524258       12.803225        1.000000
      11.057164        3.524510       12.803726        1.000000
      11.057525        3.524762       12.804227        1.000000
      11.057886        3.525014       12.804728        1.000000
      11.058246        3.525266       12.805228        1.000000
      11.058607        3.525518       12.805729        1.000000
      11.058967        3.525770       12.806230        1.000000
      11.059328        3.526022       12.806731        1.000000
      11.059689        3.526274       12.807232        1.000000
      11.060049        3.526526       12.807732        1.000000
      11.060410        3.526778       12.808233        1.000000
      11.060771        3.527030       12.808734        1.000000
      11.061131        3.527282       12.809235        1.000000
      11.061492        3.527534       12.809736        1.000000
      11.061852        3.527786       12.810236        1.000000
      11.062213        3.528038       12.810737        1.000000
      11.062573        3.528290       12.811238        1.000000
      11.062934        3.528542       12.811739        1.000000
      11.063295        3.528794       12.812240        1.000000
      11.063655        3.529046       12.812740        1.000000
      11.064016        3.529298       12.813241        1.000000
      11.064376        3.529550       12.813742        1.000000
      11.064737        3.529802       12.814243        1.000000
      11.065098        3.530054       12.814744        1.000000
      11.065458        3.530306       12.815244        1.000000
      11.065819        3.530558       12.815745        1.000000
      11.066180        3.530810       12.816246        1.000000
      11.066540        3.531062       12.816747        1.000000
      11.066901        3.531314       12.817248        1.000000
      11.067261        3.531566       12.817748        1.000000
      11.067622        3.531818       12.818249        1.000000
      11.067982        3.532070       12.818750        1.000000
      11.068343        3.532322       12.819251        1.000000
      11.068704        3.532574       12.819752        1.000000
      11.069064        3.532826       12.820252        1.000000
      11.069425        3.533078       12.820753        1.000000
      11.069786        3.533330       12.821254        1.000000
      11.070146        3.533582       12.821755        1.000000
      11.070507        3.533834       12.822256        1.000000
      11.070867        3.534086       12.822756        1.000000
      11.071228        3.534338       12.823257        1.000000
      11.071589        3.534590       12.823758        1.000000
      11.071949        3.534842       12.824259        1.000000
      11.072310        3.535094       12.824760        1.000000
      11.074136        3.536370       12.827296       10.000000
      11.077430        3.538671       12.831868       10.000000
      11.080723        3.540972       12.836440       10.000000
      11.084015        3.543273       12.841012       10.000000
      11.087309        3.545574       12.845584       10.000000
      11.090602        3.547875       12.850156       10.000000
      11.093895        3.550177       12.854728       10.000000
      11.097188        3.552478       12.859300       10.000000
      11.100480        3.554778       12.863872       10.000000
      11.103774        3.557079       12.868444       10.000000
      11.106910        3.559271       12.872799       10.000000
      11.109889        3.561353       12.876937       10.000000
      11.112868        3.563435       12.881075       10.000000
      11.115846        3.565517       12.885213       10.000000
      11.118825        3.567599       12.889351       10.000000
      11.121805        3.569681       12.893489       10.000000
      11.124784        3.571763       12.897627       10.000000
      11.127763        3.573845       12.901765       10.000000
      11.130742        3.575927       12.905903       10.000000
      11.133721        3.578009       12.910041       10.000000
      11.136543        3.579981       12.913960       10.000000
      11.139208        3.581843       12.917661       10.000000
      11.141873        3.583705       12.921363       10.000000
      11.144538        3.585567       12.925064       10.000000
      11.147203        3.587429       12.928764       10.000000
      11.149868        3.589291       12.932466       10.000000
      11.152533        3.591153       12.936167       10.000000
      11.155197        3.593015       12.939868       10.000000
      11.157863        3.594877       12.943569       10.000000
      11.160528        3.596739       12.947270       10.000000
      11.163036        3.598492       12.950753       10.000000
      11.165388        3.600136       12.954019       10.000000
      11.167740        3.601780       12.957285       10.000000
      11.170092        3.603424       12.960551       10.000000
      11.172444        3.605068       12.963817       10.000000
      11.174796        3.606712       12.967083       10.000000
      11.177148        3.608356       12.970349       10.000000
      11.179500        3.610000       12.973615       10.000000
      11.181852        3.611644       12.976881       10.000000
      11.184204        3.613288       12.980147       10.000000
      11.186399        3.614822       12.983196       10.000000
      11.188437        3.616246       12.986027       10.000000
      11.190475        3.617670       12.988857       10.000000
      11.192513        3.619094       12.991689       10.000000
      11.194551        3.620518       12.994520       10.000000
      11.196589        3.621942       12.997350       10.000000
      11.198627        3.623366       13.000182       10.000000
      11.200665        3.624790       13.003013       10.000000
      11.202703        3.626214       13.005843       10.000000
      11.204741        3.627638       13.008674       10.000000
      11.206622        3.628953       13.011287       10.000000
      11.208348        3.630159       13.013682       10.000000
      11.210072        3.631365       13.016077       10.000000
      11.211797        3.632571       13.018472       10.000000
      11.213522        3.633777       13.020867       10.000000
      11.215248        3.634983       13.023262       10.000000
      11.216973        3.636189       13.025657       10.000000
      11.218697        3.637395       13.028052       10.000000
      11.220422        3.638601       13.030447       10.000000
      11.222148        3.639807       13.032842       10.000000
      11.223716        3.640903       13.035020       10.000000
      11.225127        3.641889       13.036980       10.000000
      11.226538        3.642875       13.038940       10.000000
      11.227949        3.643861       13.040900       10.000000
      11.229360        3.644847       13.042860       10.000000
      11.230771        3.645833       13.044820       10.000000
      11.232182        3.646819       13.046780       10.000000
      11.233593        3.647805       13.048740       10.000000
      11.235004        3.648791       13.050700       10.000000
      11.236415        3.649777       13.052660       10.000000
      11.237669        3.650653       13.054402       10.000000
      11.238766        3.651420       13.055926       10.000000
      11.239863        3.652188       13.057450       10.000000
      11.240960        3.652954       13.058974       10.000000
      11.242057        3.653722       13.060498       10.000000
      11.243154        3.654488       13.062022       10.000000
      11.244250        3.655255       13.063546       10.000000
      11.245347        3.656022       13.065070       10.000000
      11.246444        3.656789       13.066594       10.000000
      11.247541        3.657557       13.068118       10.000000
      11.248482        3.658214       13.069425       10.000000
      11.249266        3.658762       13.070514       10.000000
      11.250050        3.659310       13.071603       10.000000
      11.250834        3.659858       13.072691       10.000000
      11.251618        3.660406       13.073780       10.000000
      11.252402        3.660954       13.074870       10.000000
      11.253186        3.661502       13.075959       10.000000
      11.253970        3.662050       13.077047       10.000000
      11.254754        3.662598       13.078136       10.000000
      11.255538        3.663146       13.079225       10.000000
      11.256165        3.663584       13.080096       10.000000
      11.256636        3.663912       13.080749       10.000000
      11.257108        3.664240       13.081402       10.000000
      11.257578        3.664568       13.082055       10.000000
      11.258050        3.664896       13.082708       10.000000
      11.258520        3.665224       13.083362       10.000000
      11.258992        3.665552       13.084015       10.000000
      11.259462        3.665880       13.084668       10.000000
      11.259934        3.666208       13.085320       10.000000
      11.260404        3.666536       13.085973       10.000000
      11.260718        3.666755       13.086409       10.000000
      11.260874        3.666865       13.086627       10.000000
      11.261030        3.666975       13.086845       10.000000
      11.261186        3.667085       13.087063       10.000000
      11.261342        3.667195       13.087281       10.000000
      11.261498        3.667305       13.087499       10.000000
      11.261654        3.667415       13.087717       10.000000
      11.261810        3.667525       13.087935       10.000000
      11.261966        3.667635       13.088153       10.000000
      11.262122        3.667745       13.088371       10.000000
1
335 39 40 41 42 43 44 45 46 47 48 49 50 51 52 53 54 55 56 57 58 59 60 61 62 63 64 65 66 67 68 69 70 71 72 73 74 75 76 77 78 79 80 81 82 83 84 85 86 87 88 89 90 91 92 93 94 95 96 97 98 99 100 101 102 103 104 105 106 107 108 109 110 111 112 113 114 115 116 117 118 119 120 121 122 123 124 125 126 127 128 129 130 131 132 133 134 135 136 137 138 139 140 141 142 143 144 145 146 147 148 149 150 151 152 153 154 155 156 157 158 159 160 161 162 163 164 165 166 167 168 169 170 171 172 173 174 175 176 177 178 179 180 181 182 183 184 185 186 187 188 189 190 191 192 193 194 195 196 197 198 199 200 201 202 203 204 205 206 207 208 209 210 211 212 213 214 215 216 217 218 219 220 221 222 223 224 225 226 227 228 229 230 231 232 233 234 235 236 237 238 239 240 241 242 243 244 245 246 247 248 249 250 251 252 253 254 255 256 257 258 259 260 261 262 263 264 265 266 267 268 269 270 271 272 273 274 275 276 277 278 279 280 281 282 283 284 285 286 287 288 289 290 291 292 293 294 295 296 297 298 299 300 301 302 303 304 305 306 307 308 309 310 311 312 313 314 315 316 317 318 319 320 321 322 323 324 325 326 327 328 329 330 331 332 333 334 335 336 337 338 339 340 341 342 343 344 345 346 347 348 349 350 351 352 353 354 355 356 357 358 359 360 361 362 363 364 365 366 367 368 369 370 371 372 1
1 5 5 5 5 5 5 5 5 5 5 5 5 5 5 5 5 5 5 5 5 5 5 5 5 5 5 5 5 5 5 5 5 5 5 5 5 5 5 5 5 5 5 5 5 5 5 5 5 5 5 5 5 5 5 5 5 5 5 5 5 5 5 5 5 5 5 5 5 5 5 5 5 5 5 5 5 5 5 5 5 5 5 5 5 5 5 5 5 5 5 5 5 5 5 5 5 5 5 5 5 5 5 5 5 5 5 5 5 5 5 5 5 5 5 5 5 5 5 5 5 5 5 5 5 5 5 5 5 5 5 5 5 5 5 5 5 5 5 5 5 5 5 5 5 5 5 5 5 5 5 5 5 5 5 5 5 5 5 5 5 5 5 5 5 5 5 5 5 5 5 5 5 5 5 5 5 5 5 5 5 5 5 5 5 5 5 5 5 5 5 5 5 5 5 5 5 5 5 5 5 5 5 5 5 5 5 5 5 5 5 5 5 5 5 5 5 5 5 5 5 5 5 5 5 5 5 5 5 5 5 5 5 5 5 5 5 5 5 5 5 5 5 5 5 5 5 5 5 5 5 5 5 5 5 5 5 5 5 5 5 5 5 5 5 5 5 5 5 5 5 5 5 5 5 5 5 5 5 5 5 5 5 5 5 5 5 5 5 5 5 5 5 5 5 5 5 5 5 5 5 5 5 5 5 5 5 5 5 5 5 5 5 5 5 5 5 5 5 5 5 5 5 5 5 5 5 5 5 5 5 5 5 5 5 5
